[mercury]
a=0.38709843
e=0.20563661
I=7.00559432
L=252.25166724
w=77.45771895
W=48.33961819

a_dot=0.00000000
e_dot=0.00002123
I_dot=-0.00590158
L_dot=149472.67486623
w_dot=0.15940013
W_dot=-0.12214182

[venus]
a=0.72332102
e=0.00676399
I=3.39777545
L=181.97970850
w=131.76755713
W=76.67261496

a_dot=-0.00000026
e_dot=-0.00005107
I_dot=0.00043494
L_dot=58517.81560260
w_dot=0.05679648
W_dot=-0.27274174

[earth]
a=1.00000018
e=0.01673163
I=-0.00054346
L=100.46691572
w=102.93005885
W=-5.11260389

a_dot=-0.00000003
e_dot=-0.00003661
I_dot=-0.01337178
L_dot=35999.37306329
w_dot=0.31795260
W_dot=-0.24123856

[mars]
a=1.52371243
e=0.09336511
I=1.85181869
L=-4.56813164
w=-23.91744784
W=49.71320984

a_dot=0.00000097
e_dot=0.00009149
I_dot=-0.00724757
L_dot=19140.29934243
w_dot=0.45223625
W_dot=-0.26852431
